EAP,HPL,MWS,id,true_label
0.9999924898147583,3.399256911507109e-07,7.15525311534293e-06,id26305,EAP
0.99918133020401,0.0008151428773999214,3.4572476579342037e-06,id17569,HPL
0.9999959468841553,2.6633081233740086e-06,1.4650843240815448e-06,id11008,EAP
1.2680950021604076e-05,6.438956461352063e-06,0.9999809265136719,id27763,MWS
0.6071490049362183,0.39277124404907227,7.976058986969292e-05,id12958,HPL
3.34053288497671e-06,1.9033782336919103e-06,0.9999947547912598,id22965,MWS
0.9999295473098755,3.065245437028352e-06,6.735460920026526e-05,id09674,EAP
0.9999740123748779,6.001725978421746e-06,2.0067032892256975e-05,id13515,EAP
0.9998704195022583,9.953777043847367e-05,3.0003631763975136e-05,id19322,EAP
0.00010472328722244129,2.1780369934276678e-05,0.9998735189437866,id00912,MWS
1.0471967470948584e-05,1.3602741546492325e-06,0.9999881982803345,id16737,MWS
0.10212232172489166,3.088933226536028e-05,0.8978468179702759,id16607,EAP
1.4507456398860086e-05,0.9997772574424744,0.00020824708917643875,id19764,HPL
4.121446909266524e-05,0.9999585151672363,2.3361936030141806e-07,id18886,HPL
0.9998664855957031,0.00010492729052202776,2.8629552616621368e-05,id17189,EAP
3.34053288497671e-06,1.925814785863622e-06,0.9999947547912598,id12799,MWS
0.9999903440475464,3.951497546950122e-06,5.749395313614514e-06,id08441,EAP
0.00018649575940798968,1.493705667598988e-06,0.9998120665550232,id13117,MWS
0.9999630451202393,3.460468724370003e-05,2.3872953534009866e-06,id14862,EAP
2.2559688659384847e-05,0.9998728036880493,0.0001046210018103011,id20836,HPL
0.9999760389328003,1.3578061043517664e-05,1.0329644283046946e-05,id11411,EAP
9.251119627151638e-05,0.9999051094055176,2.4342396045540227e-06,id08075,HPL
0.6537764072418213,0.34518951177597046,0.0010341156739741564,id18925,EAP
0.9999948740005493,2.3000578153187234e-07,4.832051672565285e-06,id19925,EAP
0.06512032449245453,0.9347687363624573,0.000110940272861626,id01704,EAP
0.4690806567668915,0.5179588794708252,0.012960516847670078,id10125,EAP
0.9998201727867126,0.00017130673222709447,8.56224141898565e-06,id02448,EAP
0.9998917579650879,9.87652747426182e-05,9.367790880787652e-06,id23451,EAP
6.655457696069789e-07,0.9999978542327881,1.448018338123802e-06,id27907,HPL
5.7483615819364786e-05,0.9996613264083862,0.0002812912571243942,id08121,HPL
0.9998403787612915,6.024410595273366e-06,0.00015356145740952343,id15222,EAP
5.06394098920282e-06,9.874587476588204e-07,0.9999939203262329,id00764,MWS
1.016953683574684e-05,9.992337254516315e-06,0.9999798536300659,id00683,MWS
0.00036104832543060184,0.9992827773094177,0.00035614569787867367,id11733,HPL
1.3235962796898093e-06,0.9999982118606567,4.79374818951328e-07,id03205,HPL
2.350350541746593e-06,0.9999914169311523,6.228738584468374e-06,id01948,HPL
3.5562068660510704e-05,0.9999096393585205,5.486487134476192e-05,id22412,HPL
0.0009034753311425447,0.000544784008525312,0.9985517859458923,id05258,MWS
3.1813449368200963e-06,0.9999966621398926,1.1209606753936896e-07,id00144,HPL
0.9999650716781616,6.363839474943234e-06,2.863237568817567e-05,id19576,EAP
5.6052926083793864e-05,0.9998483657836914,9.553565905662253e-05,id01577,HPL
0.010719279758632183,0.9892492294311523,3.1476236472371966e-05,id01651,HPL
0.0002540776040405035,0.9975228905677795,0.002222937997430563,id27080,HPL
8.41446399135748e-06,3.1751117148814956e-06,0.9999884366989136,id20751,MWS
0.9999395608901978,7.353215096372878e-06,5.307468745741062e-05,id21136,EAP
0.9119361639022827,0.08803015202283859,3.365945667610504e-05,id10279,EAP
6.976395525271073e-05,1.0824761375261005e-05,0.9999194145202637,id12683,MWS
0.012601373717188835,0.9826481938362122,0.00475035747513175,id19180,HPL
0.9984667897224426,0.001531301997601986,1.8564455785963219e-06,id02236,HPL
0.9999502897262573,3.487565118120983e-05,1.4796150935580954e-05,id11523,EAP
0.9996687173843384,0.0002959466364700347,3.5345787182450294e-05,id22530,EAP
0.999805748462677,7.751508383080363e-05,0.00011681936302920803,id22197,EAP
8.782574241195107e-07,1.2656276339839678e-05,0.9999864101409912,id24941,MWS
0.0008912562625482678,1.427278584742453e-05,0.9990944862365723,id15218,MWS
3.275899189247866e-06,8.681564395374153e-06,0.9999880790710449,id02164,MWS
0.1116068959236145,0.8882040977478027,0.00018902489682659507,id17654,HPL
2.6067300495924428e-05,0.9998586177825928,0.00011523917783051729,id20824,HPL
0.9999943971633911,2.541342382755829e-06,3.138139163638698e-06,id21164,EAP
0.0009820798877626657,5.0594979256857187e-05,0.9989672899246216,id08820,MWS
2.2827887733001262e-05,4.692435595643474e-06,0.9999724626541138,id17407,MWS
3.990747427451424e-05,6.974591428843269e-07,0.9999593496322632,id05166,MWS
3.591055065044202e-05,0.9998955726623535,6.85467166476883e-05,id07779,HPL
0.9997780919075012,0.00019035341392736882,3.1563686206936836e-05,id14749,EAP
2.278250212839339e-05,0.9999353885650635,4.18216732214205e-05,id10634,HPL
1.4650863704446238e-06,1.1680687066473183e-06,0.9999973773956299,id03555,MWS
0.0005060443072579801,1.3075145943730604e-06,0.9994926452636719,id26727,EAP
2.824320108629763e-05,2.0105813746340573e-05,0.9999516010284424,id06312,MWS
5.827722588946926e-07,0.9999994039535522,2.181592684280531e-08,id24464,HPL
0.9999963045120239,1.0511469099583337e-06,2.622018200781895e-06,id18006,EAP
0.9999978542327881,6.577919293704326e-07,1.3763219612883404e-06,id04459,EAP
0.8395150303840637,0.1599116176366806,0.0005733619327656925,id06749,HPL
0.9998780488967896,2.8854430638602935e-05,9.314325143350288e-05,id11062,EAP
0.9999258518218994,4.390744834381621e-06,6.976440636208281e-05,id01571,EAP
0.00013283596490509808,0.004377496428787708,0.9954896569252014,id03152,MWS
9.51674664975144e-05,1.1612968592089601e-05,0.9998931884765625,id06412,MWS
0.9999125003814697,4.4954795157536864e-05,4.256234387867153e-05,id10155,EAP
0.9999947547912598,1.547435545035114e-06,3.7266336221364327e-06,id24823,HPL
1.059528767655138e-05,1.2508706277003512e-05,0.9999768733978271,id06377,MWS
4.272601927368669e-06,2.0103659608139424e-06,0.9999936819076538,id01222,MWS
0.9998132586479187,0.0001596743386471644,2.6998803150490858e-05,id10142,EAP
0.9999078512191772,7.645890946150757e-06,8.447977597825229e-05,id08521,MWS
1.205147441396548e-06,0.999997615814209,1.1911070032510906e-06,id13267,HPL
2.8517315513454378e-06,0.9999939203262329,3.193787961208727e-06,id06001,HPL
0.9999446868896484,2.346005021536257e-05,3.187874972354621e-05,id22877,EAP
0.9999325275421143,5.716328450944275e-05,1.0208856110693887e-05,id02647,EAP
3.548495897121029e-07,0.999990701675415,8.887464900908526e-06,id10154,HPL
6.5022040871554054e-06,3.5559617117542075e-06,0.9999899864196777,id22605,MWS
4.322887434682343e-06,2.0224450054229237e-05,0.9999754428863525,id18034,MWS
0.999764621257782,0.00023073081683833152,4.6368031689780764e-06,id27266,EAP
8.139384590322152e-06,3.785730223171413e-05,0.9999539852142334,id10676,MWS
4.975649517291458e-06,1.2053096725139767e-05,0.9999829530715942,id03833,MWS
0.9999983310699463,5.737365995628352e-07,1.1145800726808375e-06,id16135,EAP
0.9998716115951538,3.3401215659978334e-06,0.00012509257066994905,id19878,EAP
0.999996542930603,1.2385539776005317e-06,2.2959163743507816e-06,id25019,EAP
9.240193890036608e-07,6.203572411322966e-07,0.9999984502792358,id18067,MWS
3.012033403138048e-06,1.541403776172956e-06,0.9999954700469971,id23088,MWS
0.9940767288208008,0.00028301708516664803,0.005640312097966671,id06172,MWS
0.16105426847934723,0.8389339447021484,1.1845149856526405e-05,id08466,EAP
0.06845155358314514,0.007196709513664246,0.924351692199707,id02547,EAP
2.8969043341930956e-05,0.9999359846115112,3.508010195218958e-05,id04451,HPL
0.09781898558139801,1.5185882148216479e-05,0.9021658897399902,id04853,MWS
0.9999927282333374,6.35159767625737e-06,9.759534123077174e-07,id21482,EAP
4.5299166231416166e-05,0.9977805018424988,0.002174193039536476,id03072,HPL
4.32345004810486e-05,3.733218534307525e-07,0.9999563694000244,id08617,MWS
3.597670684030163e-06,0.9999322891235352,6.414498784579337e-05,id04159,HPL
6.1433634073182475e-06,0.9998618364334106,0.00013199383101891726,id18740,HPL
0.22525887191295624,0.0014553669607266784,0.7732858061790466,id11321,HPL
2.029803596315105e-07,0.9999996423721313,8.461481115773495e-08,id06564,HPL
1.9373874238226563e-05,3.113664888587664e-06,0.9999774694442749,id01004,MWS
5.740490905736806e-06,0.9984416365623474,0.0015526978531852365,id09114,MWS
0.9999070167541504,6.4889782152022235e-06,8.648308721603826e-05,id27670,EAP
0.45292240381240845,0.5326316952705383,0.014445866458117962,id15648,HPL
0.9983386993408203,0.001611848478205502,4.939184509566985e-05,id27679,EAP
9.061442938218534e-07,0.999995231628418,3.7632066778314766e-06,id14878,HPL
0.9999401569366455,6.72138639856712e-06,5.3178478992776945e-05,id15083,EAP
1.514751602371689e-05,2.5813312731770566e-06,0.9999822378158569,id24979,MWS
1.1681389878503978e-05,0.9999083280563354,7.99838817329146e-05,id20087,HPL
0.999994158744812,4.339887709647883e-06,1.5294064041881938e-06,id06500,EAP
0.001785231870599091,4.117648131796159e-06,0.9982106685638428,id21174,MWS
7.917692710179836e-05,0.9995338916778564,0.0003870674700010568,id23958,HPL
3.380282214493491e-05,1.0492098226677626e-05,0.9999556541442871,id13881,MWS
0.9998655319213867,3.125501734757563e-06,0.00013135139306541532,id01306,EAP
0.9927696585655212,0.007218668702989817,1.1575361895665992e-05,id15580,HPL
2.4865777959348634e-05,0.0004305463517084718,0.9995445609092712,id07787,MWS
6.035286423866637e-05,0.9995417594909668,0.00039780052611604333,id13315,HPL
1.1478688975330442e-05,6.827516244811704e-06,0.9999816417694092,id02772,MWS
0.9977784752845764,0.0022182550746947527,3.1557433430862147e-06,id19806,EAP
0.019702091813087463,0.9797927141189575,0.0005051138577982783,id05293,HPL
0.9998607635498047,2.1442421711981297e-05,0.0001177420635940507,id17840,EAP
4.601759428624064e-06,4.860426088271197e-06,0.9999905824661255,id10113,MWS
7.88803936302429e-06,0.9998371601104736,0.00015491657541133463,id17270,HPL
9.37977820285596e-05,0.999068558216095,0.0008376449113711715,id24267,HPL
3.314821151434444e-05,3.549344910425134e-05,0.9999313354492188,id21317,MWS
0.999981164932251,9.061315608960285e-07,1.791797149053309e-05,id24125,EAP
9.516677528154105e-05,1.8849572370527312e-05,0.9998859167098999,id02655,MWS
2.6267608177477086e-07,0.9999995231628418,2.061768071826009e-07,id18911,HPL
0.0004520109505392611,0.999367892742157,0.00018014904344454408,id26487,HPL
0.9999979734420776,3.689879122248385e-07,1.6863050404936075e-06,id05457,EAP
0.9810861945152283,1.7786627722671255e-05,0.018896056339144707,id07762,MWS
0.0004389825917314738,0.9994181394577026,0.00014279541210271418,id22890,HPL
2.098679578921292e-05,0.99986732006073,0.00011169461504323408,id12353,HPL
1.450632396426954e-07,0.999997615814209,2.233990471722791e-06,id05582,HPL
0.9988188147544861,0.0007275765528902411,0.00045353075256571174,id21404,EAP
8.974667252914514e-06,2.0025188405270455e-06,0.9999890327453613,id14312,MWS
1.1256708603468724e-05,3.741182808880694e-06,0.9999849796295166,id18834,MWS
0.9999289512634277,2.2826894564786926e-05,4.832453851122409e-05,id06817,EAP
0.00017152115469798446,0.9991182684898376,0.0007102414965629578,id23484,HPL
8.766758583078627e-06,3.3535841339471517e-06,0.9999878406524658,id05876,MWS
0.0008958016405813396,0.03573901951313019,0.9633651375770569,id22987,MWS
0.00016452001000288874,0.9945677518844604,0.005267656408250332,id05449,HPL
0.9996045231819153,0.0003541790065355599,4.132075628149323e-05,id24399,EAP
0.9991298317909241,4.866463132202625e-05,0.000821493798866868,id11413,EAP
3.928428213839652e-06,1.6797247326394427e-06,0.9999943971633911,id03950,MWS
0.9999877214431763,8.04482897365233e-06,4.306086793803843e-06,id08447,EAP
0.9896379709243774,0.01035810075700283,3.910589839506429e-06,id21568,EAP
0.00033830912434495986,1.172245333691535e-06,0.9996604919433594,id25461,MWS
0.00014767813263460994,1.5264102330547757e-05,0.9998370409011841,id01207,MWS
5.827720315210172e-07,0.9999990463256836,3.8972930838099273e-07,id08041,HPL
0.9916537404060364,1.3050781490164809e-05,0.008333305828273296,id03570,MWS
8.363254164578393e-05,0.9995941519737244,0.0003221655497327447,id09713,HPL
2.2251745122048305e-06,0.9999498128890991,4.794947381014936e-05,id12320,HPL
0.9510840773582458,1.3376276911003515e-05,0.04890252649784088,id18040,EAP
1.0070798452943563e-05,1.0845056976904743e-06,0.9999887943267822,id27756,MWS
1.6506821339135058e-05,0.9999818801879883,1.6153553588083014e-06,id15641,HPL
2.6019310098490678e-05,4.917613296129275e-06,0.9999690055847168,id11826,MWS
8.714333716852707e-07,0.9999985694885254,5.804997158520564e-07,id06472,HPL
0.016382290050387383,0.9831178188323975,0.0004999458906240761,id04172,EAP
0.3675563633441925,0.0010735158575698733,0.6313701272010803,id23387,EAP
6.82776517351158e-05,0.9998688697814941,6.277758802752942e-05,id16818,HPL
0.9999810457229614,5.885683549422538e-06,1.3057959222351201e-05,id09068,EAP
0.001391912461258471,1.3189801961743797e-07,0.9986079335212708,id15774,MWS
3.1438210612577677e-07,0.9999995231628418,7.795080136929755e-08,id17128,HPL
1.2981705367565155e-05,3.379872396180872e-06,0.9999836683273315,id08079,MWS
0.3100002706050873,0.00021610702970065176,0.6897835731506348,id10542,MWS
0.999648928642273,0.000178797374246642,0.00017228390788659453,id21056,EAP
0.9985194802284241,6.89789612806635e-06,0.0014736155280843377,id12080,MWS
0.002231246093288064,0.9973474740982056,0.0004212907515466213,id10888,HPL
0.00017397174087818712,0.00019370080553926528,0.9996323585510254,id23731,MWS
0.9216412305831909,0.06144535541534424,0.01691344939172268,id23209,MWS
6.656215646216879e-06,0.9999624490737915,3.0838204111205414e-05,id25905,HPL
0.0029749975074082613,0.9969457983970642,7.91263155406341e-05,id05110,HPL
3.792976349359378e-05,0.9999130964279175,4.8988986236508936e-05,id12871,HPL
0.00028563139494508505,2.2815177658230823e-07,0.9997140765190125,id04666,MWS
0.49021825194358826,0.5097463130950928,3.5357006709091365e-05,id27629,HPL
0.9999266862869263,4.331773743615486e-05,3.000532160513103e-05,id05317,EAP
0.999896764755249,0.00010259990085614845,6.082966024223424e-07,id20597,EAP
0.008200569078326225,0.0023266696371138096,0.9894728064537048,id09853,MWS
1.568946026964113e-05,5.749327556259232e-06,0.9999785423278809,id09334,MWS
0.005415931809693575,1.2686467925959732e-05,0.9945713877677917,id19728,MWS
0.9997897744178772,8.414048352278769e-05,0.00012606335803866386,id25281,EAP
0.0013585627311840653,0.0003585798549465835,0.9982829093933105,id03036,MWS
0.9996457099914551,0.00033208486274816096,2.211831815657206e-05,id12020,EAP
0.9999947547912598,3.0654452984890668e-06,2.1150935936020687e-06,id04949,EAP
6.489487986982567e-06,7.889210792200174e-06,0.9999855756759644,id09194,MWS
0.9998857975006104,0.00010741764708654955,6.773735094611766e-06,id01172,EAP
4.476339299230858e-08,0.9999998807907104,7.734421103577915e-08,id21956,HPL
0.0003140317276120186,0.9848802089691162,0.014805670827627182,id01830,HPL
0.9998281002044678,0.0001381886686431244,3.373256549821235e-05,id25698,EAP
0.02582865208387375,0.0002142722805729136,0.9739571213722229,id22366,EAP
0.9999961853027344,3.1438105452252785e-07,3.5076975564152235e-06,id17453,EAP
1.0593912520562299e-06,0.9999963045120239,2.5914710022334475e-06,id15797,HPL
0.0004018728213850409,0.0025623361580073833,0.9970357418060303,id14132,EAP
0.9891294240951538,5.038359176978702e-06,0.010865522548556328,id22533,MWS
7.759976870147511e-05,0.9999210834503174,1.3548799415730173e-06,id25269,HPL
0.9999983310699463,6.629514359701716e-07,9.913279654938378e-07,id06356,EAP
0.30332136154174805,0.0054135979153215885,0.6912650465965271,id27761,HPL
3.966985786973964e-06,0.9999959468841553,9.077809437485485e-08,id04015,HPL
0.00010330312215955928,5.275419425743166e-06,0.9998914003372192,id08936,EAP
0.9398857355117798,0.05478142201900482,0.005332836881279945,id02672,HPL
3.185352761647664e-05,0.9991534948348999,0.0008147222688421607,id01301,HPL
5.284669896354899e-05,0.9995410442352295,0.0004060424689669162,id11714,HPL
3.163074143230915e-05,2.1235875465208665e-05,0.9999470710754395,id22514,MWS
0.9985132813453674,5.877044259250397e-06,0.0014808194246143103,id25671,EAP
0.09807814657688141,0.5335817337036133,0.3683401346206665,id27169,EAP
0.9999794960021973,1.9449742467259057e-05,1.105885417018726e-06,id07849,EAP
2.3454292374935903e-07,0.9999977350234985,2.074189978884533e-06,id03066,HPL
0.8693813681602478,0.00025587211712263525,0.13036274909973145,id19449,EAP
4.045384412165731e-05,0.9998854398727417,7.411592378048226e-05,id15830,HPL
5.507584319275338e-06,3.936092980438843e-06,0.9999905824661255,id26636,MWS
7.557190656370949e-06,3.473994365776889e-05,0.9999576807022095,id00037,MWS
0.002357184886932373,0.9976282715797424,1.4532932254951447e-05,id25376,HPL
0.999711811542511,1.7635427866480313e-05,0.0002705287770368159,id01019,EAP
1.408941216141102e-06,1.4453888070420362e-05,0.9999841451644897,id04152,MWS
6.239682261366397e-05,0.9996445178985596,0.0002930635237134993,id19373,HPL
9.366721315018367e-06,0.999777615070343,0.00021297750936355442,id04861,HPL
0.9999297857284546,5.978955596219748e-05,1.0410179129394237e-05,id17577,EAP
0.9999654293060303,3.1941734050633386e-05,2.621937255753437e-06,id17205,EAP
0.9999929666519165,5.885753580514574e-06,1.1589735322559136e-06,id03307,EAP
1.3057480828138068e-05,0.9999444484710693,4.248065306455828e-05,id09691,HPL
3.3868760510813445e-05,1.4941367226128932e-05,0.9999512434005737,id23247,MWS
5.411638539953856e-06,8.798502193485547e-08,0.9999945163726807,id02698,MWS
3.583863417588873e-06,3.0415853871090803e-06,0.9999933242797852,id01371,MWS
3.0774274364375742e-06,0.9999897480010986,7.099551112332847e-06,id11720,HPL
0.9996395111083984,0.00035212215152569115,8.36238541523926e-06,id06141,EAP
0.9999744892120361,4.230367380841926e-07,2.4973838662845083e-05,id03603,EAP
0.9898547530174255,0.009765989147126675,0.00037922358023934066,id20705,EAP
0.99636310338974,1.0848028750842786e-06,0.0036358048673719168,id26332,EAP
0.9997478127479553,4.3728482523874845e-06,0.00024777569342404604,id06098,EAP
1.2557787158584688e-05,0.9999866485595703,7.87265037160978e-07,id19151,HPL
0.9999293088912964,5.443898407975212e-05,1.625005097594112e-05,id01329,EAP
0.9999909400939941,4.656004875869257e-06,4.391030870465329e-06,id13295,EAP
5.184034307603724e-06,0.9999948740005493,1.2824862949400995e-08,id09591,HPL
0.0011332916328683496,0.9986220598220825,0.0002446133003104478,id16597,HPL
0.9999946355819702,3.7193617572484072e-06,1.7262889286939753e-06,id27949,EAP
0.9999767541885376,5.5507043725810945e-06,1.7640102669247426e-05,id27876,EAP
0.9949493408203125,0.004950403701514006,0.00010021542402682826,id25218,EAP
0.9857563376426697,0.00018262126832269132,0.01406105887144804,id27692,EAP
1.0741237929323688e-05,3.2251045922748744e-06,0.9999860525131226,id12312,MWS
4.0525452504880377e-07,0.9999995231628418,1.2456501963242772e-07,id20113,HPL
0.9998326301574707,7.267855107784271e-05,9.46057407418266e-05,id27404,EAP
1.5841753338463604e-05,0.9998729228973389,0.00011115118104498833,id07585,HPL
7.30411265976727e-05,7.139752256080101e-07,0.9999262094497681,id16895,MWS
0.0007854730938561261,1.1050382227040245e-06,0.999213457107544,id11003,MWS
0.9999592304229736,1.8128786905435845e-05,2.260574729007203e-05,id08978,EAP
0.9999003410339355,6.894986290717497e-05,3.0716066248714924e-05,id27809,EAP
0.9999057054519653,8.012807484192308e-06,8.631421951577067e-05,id14246,EAP
0.015998344868421555,1.6854581872394192e-06,0.984000027179718,id04980,MWS
1.0931326869467739e-05,3.87549189326819e-05,0.9999502897262573,id04970,MWS
0.9999493360519409,5.771661108155968e-06,4.495645043789409e-05,id01654,MWS
9.534854143566918e-06,2.6995519419870107e-07,0.9999902248382568,id21585,MWS
1.596527363290079e-05,0.9998273253440857,0.00015674115275032818,id05899,HPL
0.9997828602790833,0.00019372996757738292,2.3456252165487967e-05,id04561,EAP
0.8640711307525635,1.1778612133639399e-05,0.13591717183589935,id20502,MWS
1.0209435458818916e-05,4.850211894336098e-07,0.9999892711639404,id18908,MWS
0.999985933303833,1.188946498587029e-05,2.1233531697362196e-06,id05906,EAP
6.130872498033568e-05,0.9996304512023926,0.0003083256888203323,id17324,HPL
0.9999691247940063,1.7434455003240146e-05,1.3472303180606104e-05,id26919,EAP
6.072504220355768e-06,1.4624193681811448e-05,0.9999792575836182,id08711,MWS
1.7130887499661185e-05,0.9999819993972778,8.920840173232136e-07,id20240,HPL
0.0001122781541198492,0.9992190599441528,0.0006685819826088846,id27940,HPL
3.80787460017018e-05,0.9999270439147949,3.487484354991466e-05,id11694,HPL
1.5628327673766762e-05,3.5420657695794944e-06,0.9999808073043823,id10469,MWS
0.9999833106994629,1.0189453860220965e-05,6.591667442990001e-06,id12835,EAP
1.1819945029856171e-05,7.296293460967718e-06,0.9999809265136719,id15924,MWS
5.114154555485584e-05,2.846030838554725e-06,0.9999459981918335,id04515,MWS
0.9841167330741882,7.424068462569267e-05,0.015809008851647377,id00960,EAP
0.9984288811683655,2.3235257629039552e-07,0.0015708125429227948,id23496,EAP
0.08063676208257675,0.0057157534174621105,0.9136475324630737,id09682,EAP
5.649782542604953e-05,1.9107262687612092e-06,0.9999415874481201,id17159,MWS
0.9974169731140137,2.5902265406330116e-05,0.002557065337896347,id03633,EAP
0.9999781847000122,1.4425599147216417e-05,7.382279818557436e-06,id16054,EAP
0.9029804468154907,0.09535950422286987,0.0016600916860625148,id06053,EAP
0.9864332675933838,3.5014323657378554e-05,0.01353167463093996,id10265,EAP
1.0286539264825478e-07,0.9999991655349731,7.366929821728263e-07,id16601,HPL
0.9999940395355225,3.7705592603742843e-06,2.156808477593586e-06,id11834,EAP
0.3131951689720154,4.616935257217847e-05,0.6867585778236389,id15959,EAP
2.7958391001448035e-05,0.9995818734169006,0.00039012200431898236,id26296,HPL
2.627198955451604e-05,0.9998677968978882,0.0001059571368386969,id11366,HPL
2.6792391508934088e-05,0.9999511241912842,2.203882104367949e-05,id08827,HPL
3.6975850434828317e-06,1.4453855328611098e-05,0.9999818801879883,id25430,MWS
0.9999767541885376,2.0907265934511088e-05,2.4249229682027362e-06,id15283,EAP
5.1926452471207085e-08,1.0,4.54683188877425e-08,id06697,HPL
6.143291670923645e-07,0.9999994039535522,2.6212436665673522e-08,id20445,HPL
1.8020607512880815e-06,0.9999828338623047,1.5386063751066104e-05,id16418,HPL
0.9732797741889954,0.026558589190244675,0.00016162873362191021,id15440,EAP
0.9999755620956421,5.01463773616706e-06,1.9373837858438492e-05,id26888,EAP
0.9999986886978149,4.450846518011531e-07,8.646519518151763e-07,id27413,EAP
0.0007115771877579391,0.9992881417274475,3.687259777507279e-07,id07783,HPL
0.03639056906104088,8.853172403178178e-06,0.9636005163192749,id15961,MWS
0.9994978904724121,0.00027473020600154996,0.00022731494391337037,id19221,HPL
4.1170482290908694e-05,9.15192867978476e-05,0.99986732006073,id12753,MWS
6.65641118757776e-06,1.5534874364675488e-06,0.999991774559021,id03421,MWS
0.99983811378479,2.0945235519320704e-05,0.00014091559569351375,id20021,EAP
0.9985960125923157,0.0012544067576527596,0.00014952519268263131,id18395,EAP
0.9878409504890442,0.01111412700265646,0.0010449396213516593,id11491,EAP
1.4912362530594692e-05,0.999961256980896,2.3829887140891515e-05,id22139,HPL
6.852718797745183e-05,0.9957135915756226,0.00421794643625617,id18644,HPL
0.00049600750207901,2.486414996383246e-05,0.9994791150093079,id26078,MWS
0.9999542236328125,4.408054792293115e-06,4.1335213609272614e-05,id15507,EAP
0.0001107286152546294,0.9989941716194153,0.0008950916235335171,id23587,HPL
0.99825519323349,0.0014265053905546665,0.0003182963700965047,id25959,EAP
9.161244088318199e-05,0.9999080896377563,1.990361511161609e-07,id08838,HPL
0.0007020062184892595,0.9992961883544922,1.7454178760090144e-06,id14923,HPL
0.0010376708814874291,0.0005970491911284626,0.9983653426170349,id26470,MWS
0.9999887943267822,7.18323144610622e-06,3.998070042143809e-06,id02383,EAP
0.8883861303329468,0.007791850715875626,0.1038220077753067,id24619,EAP
0.9999890327453613,4.0294285099662375e-06,6.908047907927539e-06,id07263,EAP
0.17610231041908264,1.0346340786782093e-05,0.8238874077796936,id19358,EAP
4.6827059918541636e-07,0.9999992847442627,2.094235611593831e-07,id05571,HPL
5.441580287879333e-05,0.999503493309021,0.00044203147990629077,id15343,HPL
0.9994828701019287,0.0004398692981339991,7.718794222455472e-05,id10482,EAP
0.9999920129776001,5.359034730645362e-06,2.622007059471798e-06,id27020,EAP
8.10794244898716e-06,2.1068369733256986e-06,0.9999897480010986,id15133,MWS
0.9941851496696472,3.447200288064778e-05,0.005780340172350407,id16417,EAP
3.0241433705668896e-05,1.7298491002293304e-05,0.9999524354934692,id25311,MWS
0.9945800304412842,0.00016260529810097069,0.005257443059235811,id07402,HPL
0.030414976179599762,1.834953945945017e-05,0.9695666432380676,id01064,EAP
0.0005304952501319349,0.9993163347244263,0.00015318149235099554,id05964,HPL
0.0038931425660848618,0.00020342794596217573,0.9959034323692322,id10044,MWS
6.27670374342415e-07,0.9999992847442627,5.976693984166559e-08,id06740,HPL
0.3692999482154846,4.0933249692898244e-05,0.6306591033935547,id17439,EAP
0.8121926784515381,9.8102078482043e-05,0.18770918250083923,id26646,EAP
0.9993977546691895,1.2748031622322742e-05,0.0005895510548725724,id15076,EAP
2.2164326765050646e-06,0.9999196529388428,7.805568020557985e-05,id19617,HPL
9.184443115373142e-06,0.00033404011628590524,0.9996567964553833,id21453,MWS
0.5454745292663574,0.0023112508933991194,0.45221424102783203,id19419,EAP
5.4523348808288574e-05,0.9995248317718506,0.00042056446545757353,id03244,HPL
1.870175765361637e-05,0.9998257756233215,0.00015552113472949713,id20539,HPL
0.9991130232810974,3.687714342959225e-05,0.0008500432595610619,id19740,EAP
0.00018449302297085524,0.9997573494911194,5.816679913550615e-05,id06471,HPL
0.9951344132423401,0.004759318195283413,0.00010628262680256739,id15807,EAP
6.070813185488078e-08,0.9999992847442627,5.827722020512738e-07,id12419,HPL
3.3409040042897686e-05,1.0011639460572042e-05,0.9999566078186035,id14753,MWS
3.3210008041351102e-06,0.9999899864196777,6.73486283631064e-06,id26980,HPL
5.275956027617212e-06,1.6344149571523303e-06,0.999993085861206,id15735,MWS
0.00016538077034056187,6.338746607070789e-05,0.9997712969779968,id12769,MWS
0.9955399632453918,0.002177734859287739,0.002282246481627226,id07126,MWS
8.512464546583942e-07,0.9999983310699463,7.842049285500252e-07,id18509,HPL
0.9998823404312134,0.00010658134124241769,1.1037851436412893e-05,id09082,EAP
0.9997151494026184,1.959710607479792e-05,0.00026529718888923526,id04092,EAP
1.914820859383326e-05,1.047031560119649e-06,0.9999798536300659,id07307,MWS
4.8843819968169555e-05,0.9911256432533264,0.008825540542602539,id13237,HPL
0.9996439218521118,3.5408725125307683e-06,0.0003524677304085344,id03208,EAP
0.9999957084655762,6.375524890245288e-07,3.7266372601152398e-06,id11259,EAP
0.024223636835813522,0.9734148383140564,0.0023615683894604445,id22787,HPL
2.0462908651097678e-05,1.1589567066039308e-06,0.9999784231185913,id06383,MWS
0.9999672174453735,1.1889242159668356e-05,2.0866271370323375e-05,id24551,EAP
0.019641472026705742,0.9802420735359192,0.00011633714166237041,id18094,MWS
0.15609543025493622,6.0624992329394445e-05,0.843843936920166,id00620,HPL
5.153538040758576e-06,4.077392804902047e-05,0.999954104423523,id27408,MWS
1.0825469871633686e-05,4.272564183338545e-06,0.999984860420227,id02872,MWS
0.9999758005142212,1.2362962479528505e-05,1.1819884093711153e-05,id13378,EAP
0.7605814337730408,0.17204482853412628,0.06737371534109116,id06108,HPL
1.9409030755923595e-06,0.9999865293502808,1.152367167378543e-05,id27149,HPL
5.054065240983618e-06,6.166387578332433e-08,0.9999948740005493,id22652,MWS
0.9999861717224121,1.0410766662971582e-05,3.4871698062488576e-06,id21224,EAP
3.14608114422299e-05,0.9984676241874695,0.0015009521739557385,id14826,HPL
6.3391230469278526e-06,1.3845917237631511e-05,0.9999798536300659,id14600,MWS
1.3289516573422588e-05,6.192281489347806e-06,0.9999805688858032,id13204,MWS
0.9999021291732788,8.398573845624924e-05,1.3790865523333196e-05,id27106,EAP
4.665616506827064e-05,2.541231651775888e-06,0.9999507665634155,id24102,MWS
0.9999642372131348,4.601638011081377e-06,3.10801224259194e-05,id21512,EAP
0.9999535083770752,1.5147081285249442e-05,3.138479223707691e-05,id24294,EAP
0.999998927116394,7.22443871836731e-07,3.9586657862855645e-07,id17416,EAP
0.9999872446060181,9.760937246028334e-06,2.9827376692992402e-06,id13943,EAP
1.848163446993567e-05,0.9997045397758484,0.00027694221353158355,id04656,HPL
0.9999980926513672,4.297087627946894e-07,1.4765781770620379e-06,id08804,EAP
2.8797262530133594e-06,0.9999971389770508,5.315769868730058e-08,id01626,HPL
7.029564130789367e-07,1.5115937230802956e-06,0.9999977350234985,id22132,MWS
8.172074740286916e-05,1.1658577022899408e-05,0.9999066591262817,id24059,MWS
0.9999301433563232,5.897770097362809e-05,1.086724478227552e-05,id10319,EAP
2.0140075207564223e-07,0.9999996423721313,1.6696709792540787e-07,id04715,HPL
1.2956343198311515e-05,5.908720140723744e-06,0.999981164932251,id07576,MWS
0.9995891451835632,0.00014967389870435,0.0002611512318253517,id20788,MWS
8.31151264719665e-05,0.13682754337787628,0.863089382648468,id27005,MWS
0.9995224475860596,0.0004468139377422631,3.07044610963203e-05,id02682,EAP
0.07526295632123947,0.03583928942680359,0.888897716999054,id16180,MWS
7.127349363145186e-06,1.5294020840883604e-06,0.9999912977218628,id01549,MWS
2.3823690753488336e-07,0.9999997615814209,5.6365617950859814e-08,id26168,HPL
0.9981350898742676,0.001078758155927062,0.0007861593621782959,id22584,EAP
0.9995719790458679,1.020517447614111e-05,0.00041771901305764914,id16703,EAP
0.9995425939559937,0.00035554321948438883,0.00010186483268626034,id05379,EAP
0.9999524354934692,3.3273686312895734e-06,4.417324089445174e-05,id17025,EAP
9.855368716671364e-07,0.9999988079071045,2.851319891306048e-07,id07009,HPL
0.003046625992283225,0.9963253140449524,0.000628093141131103,id20058,HPL
0.04569142311811447,1.331699331785785e-05,0.9542952179908752,id20975,MWS
0.0001546435378259048,0.9990500807762146,0.0007953784079290926,id15401,HPL
0.9999926090240479,1.2145934533691616e-06,6.192356067913352e-06,id18143,EAP
0.016513628885149956,3.622399390224018e-06,0.9834827184677124,id22919,MWS
0.9999918937683105,3.936098437407054e-06,4.1736197999853175e-06,id19258,EAP
1.1546189853106625e-05,2.902278538385872e-06,0.9999855756759644,id02011,MWS
6.337473314488307e-05,0.9995704293251038,0.00036612380063161254,id19374,HPL
6.941950414329767e-05,0.012691197916865349,0.987239420413971,id23978,MWS
2.318447741345153e-06,0.9999966621398926,1.0972981954182615e-06,id05170,HPL
0.9840741157531738,0.00016860883624758571,0.01575727015733719,id10724,MWS
0.9993274211883545,0.0006299857050180435,4.2620602471288294e-05,id26472,EAP
0.06301920115947723,4.311780685384292e-06,0.9369764924049377,id08056,MWS
7.916452887002379e-05,0.9993773102760315,0.0005436394130811095,id23159,HPL
2.4677574401721358e-05,0.00021590536925941706,0.9997593760490417,id15592,MWS
0.9996849298477173,9.168148244498298e-05,0.00022339588031172752,id08709,EAP
6.656413461314514e-06,1.238548520632321e-06,0.9999921321868896,id04043,MWS
0.00012981558393221349,0.9998230338096619,4.720010474557057e-05,id13462,HPL
2.359865902690217e-05,2.3362348144928546e-07,0.9999761581420898,id01478,MWS
0.008944910950958729,0.989440381526947,0.001614734879694879,id06151,HPL
0.00019599146617110819,0.9996700286865234,0.00013391586253419518,id00128,HPL
8.540190174244344e-05,0.00864343997091055,0.9912711381912231,id16309,MWS
0.9970670342445374,9.451438927499112e-06,0.002923515159636736,id01437,EAP
0.35980910062789917,0.6401775479316711,1.3358556316234171e-05,id17059,HPL
0.00011762839858420193,0.000986816012300551,0.998895525932312,id13843,MWS
0.00012954420526511967,0.00018701888620853424,0.9996834993362427,id12362,MWS
4.365397671790561e-06,0.9999955892562866,2.9241974175420182e-08,id18568,HPL
0.33153456449508667,0.6684114336967468,5.3991738241165876e-05,id13782,HPL
0.9995322227478027,2.784800744848326e-05,0.00043989100959151983,id06566,EAP
0.9999567270278931,4.841313057113439e-06,3.837854092125781e-05,id25194,EAP
0.9990241527557373,8.342176442965865e-05,0.000892499927431345,id14118,MWS
1.896127469080966e-05,4.6021901653148234e-05,0.9999350309371948,id26822,MWS
0.0004936044570058584,1.0547428246354684e-06,0.9995052814483643,id25538,MWS
2.902218056988204e-06,3.238141653127968e-05,0.999964714050293,id00431,MWS
0.9992809891700745,2.703314976315596e-06,0.0007162782130762935,id08336,EAP
0.9999799728393555,1.026780296342622e-06,1.8925127733382396e-05,id18990,EAP
0.9994468092918396,0.0004164448764640838,0.00013679354742635041,id24554,EAP
0.004174988716840744,0.9957306981086731,9.421761205885559e-05,id22547,HPL
7.859129982534796e-05,0.0019501991337165236,0.99797123670578,id14490,HPL
0.999765932559967,0.00019948623958043754,3.4530363336671144e-05,id19980,EAP
7.014918082859367e-06,0.00027694538584910333,0.9997159838676453,id02580,MWS
8.850394078763202e-05,0.9995678067207336,0.0003436048573348671,id05358,HPL
0.9853125214576721,0.014515040442347527,0.0001724872854538262,id06444,HPL
0.03739618882536888,0.962578535079956,2.519359259167686e-05,id10195,EAP
6.154193397378549e-05,0.9995207786560059,0.00041769762174226344,id11425,HPL
7.587212894577533e-05,5.7159533753292635e-05,0.9998669624328613,id17845,MWS
7.797062608005945e-06,3.7052679545013234e-05,0.9999551773071289,id19783,MWS
2.8408561774995178e-05,0.9999300241470337,4.165840437053703e-05,id15816,HPL
0.9999959468841553,2.182236357839429e-06,1.8665657535166247e-06,id08433,EAP
0.9999589920043945,3.360545088071376e-05,7.3533578870410565e-06,id05956,EAP
4.646934939955827e-06,1.1589748964979663e-06,0.999994158744812,id23763,MWS
1.696123399597127e-05,0.00018813888891600072,0.9997949004173279,id11271,MWS
0.7120518088340759,0.0002532810322009027,0.28769493103027344,id10467,EAP
0.9999990463256836,2.953345017431275e-07,6.866732746857451e-07,id16679,EAP
4.28940293204505e-05,0.9998626708984375,9.442398732062429e-05,id26524,HPL
9.387028512719553e-06,4.5563561457129254e-07,0.9999901056289673,id26341,MWS
0.9922450184822083,5.9446043451316655e-05,0.007695539388805628,id03443,EAP
0.9994657635688782,0.00020737058366648853,0.00032687754719518125,id22193,EAP
5.518918624147773e-05,0.9999439716339111,8.250115115515655e-07,id07485,HPL
0.0003776927769649774,0.9994301199913025,0.00019215453357901424,id09439,HPL
0.4338958263397217,0.00019740297284442931,0.565906822681427,id15953,MWS
5.682637129211798e-05,0.9998805522918701,6.253357423702255e-05,id15598,HPL
2.3505748686147854e-05,0.9999376535415649,3.890610969392583e-05,id19749,HPL
0.9256513714790344,5.4171730880625546e-05,0.07429448515176773,id27715,MWS
0.9999986886978149,7.720472581240756e-07,5.604462103292462e-07,id00017,EAP
0.9999330043792725,5.297077586874366e-05,1.4008472135174088e-05,id23417,EAP
0.962826669216156,7.671741332160309e-05,0.03709661588072777,id04070,MWS
0.9938871264457703,0.00031443743500858545,0.005798392463475466,id15872,EAP
0.0001583588309586048,0.9998412132263184,3.412044975448225e-07,id08716,HPL
0.999879002571106,1.2458720448194072e-05,0.00010847105295397341,id00790,EAP
1.3185931493353564e-05,1.8777627701638266e-05,0.9999680519104004,id02057,MWS
0.9999933242797852,4.965992957295384e-06,1.6344152982128435e-06,id09371,EAP
1.4624255527451169e-05,1.9333301679580472e-06,0.9999834299087524,id04818,MWS
1.10590667645738e-06,0.9999988079071045,1.5869984792971081e-07,id12567,HPL
0.0001288066414417699,3.807516986853443e-05,0.9998331069946289,id15859,MWS
2.0462697648326866e-05,1.1433781764935702e-05,0.9999680519104004,id27743,HPL
0.0010680637788027525,0.998913049697876,1.8904935132013634e-05,id23113,HPL
0.9886896014213562,0.011140321381390095,0.00017006265989039093,id23021,EAP
2.5816847482929006e-05,4.356767476565437e-06,0.9999698400497437,id19967,MWS
0.9999816417694092,1.0554030268394854e-05,7.797269063303247e-06,id06222,EAP
0.9992927312850952,0.00045021483674645424,0.00025702620041556656,id08575,MWS
4.442708359420067e-06,0.9999723434448242,2.3232705643749796e-05,id24637,HPL
1.8162189689974184e-06,1.933355179062346e-06,0.9999963045120239,id08691,MWS
0.9695966839790344,0.015565302222967148,0.014838018454611301,id16351,EAP
3.7266206618369324e-06,5.024520305596525e-06,0.9999912977218628,id04184,MWS
0.9999772310256958,1.4854462278890423e-05,7.85838801675709e-06,id11506,EAP
0.9963184595108032,0.0002628511283546686,0.0034187063574790955,id17651,EAP
1.8626518283326732e-07,0.9999992847442627,4.812515612684365e-07,id17399,HPL
0.9991359114646912,0.0007095607579685748,0.00015465682372450829,id25010,EAP
0.0005471397889778018,0.9994478821754456,4.9535997277416755e-06,id17426,EAP
1.4595711945730727e-05,2.5215365440089954e-06,0.9999828338623047,id20683,MWS
0.9999943971633911,2.165250862162793e-06,3.4465713270037668e-06,id18359,EAP
0.9999467134475708,1.777792022039648e-05,3.5493994801072404e-05,id11810,EAP
4.264368544681929e-05,0.999868631362915,8.870364399626851e-05,id14999,HPL
0.0001907503028633073,0.003799651050940156,0.9960095882415771,id03864,MWS
0.006075561512261629,0.0007026108214631677,0.9932218790054321,id27347,EAP
3.3474399970145896e-05,8.630584488855675e-06,0.9999579191207886,id05564,MWS
0.999984622001648,1.0636838851496577e-05,4.8225733735307585e-06,id27054,EAP
1.4595570974051952e-05,0.9999731779098511,1.2218897609272972e-05,id09646,HPL
5.3804516937816516e-05,2.119397140631918e-05,0.9999250173568726,id11380,MWS
4.24764039053116e-06,2.0986317394999787e-06,0.9999936819076538,id21281,MWS
1.4849944818706717e-05,0.9996731281280518,0.000311973417410627,id15493,HPL
1.8307015125174075e-05,4.8603596951579675e-06,0.9999768733978271,id26916,MWS
5.757325197919272e-05,0.0006758348317816854,0.9992665648460388,id07810,MWS
1.7813292288337834e-05,1.0676839110601577e-06,0.999981164932251,id24830,MWS
5.726428935304284e-05,0.9997448325157166,0.00019792963576037437,id10531,HPL
0.9995586276054382,3.2942269172053784e-05,0.00040843579336069524,id10855,EAP
4.995701601728797e-05,6.681182185275247e-07,0.9999493360519409,id20493,MWS
0.9999823570251465,1.4652830941486172e-05,2.982723117384012e-06,id18938,EAP
5.3172666412137914e-06,1.4538768482452724e-05,0.999980092048645,id17834,MWS
4.530903970589861e-05,0.9999490976333618,5.594084541371558e-06,id06425,HPL
0.9995405673980713,0.000424698373535648,3.479334191069938e-05,id06111,EAP
0.9831454753875732,0.01682533696293831,2.9158052711864002e-05,id10637,HPL
0.9999706745147705,2.2339302176987985e-06,2.7003054128726944e-05,id14109,EAP
0.9999420642852783,3.2629775432724273e-06,5.47595955140423e-05,id14217,EAP
0.9999926090240479,2.0660932023019996e-06,5.348580998543184e-06,id14524,EAP
0.9999946355819702,1.1635115697572473e-06,4.17363116866909e-06,id07676,EAP
3.974726496380754e-06,3.800125341513194e-06,0.9999922513961792,id16720,MWS
0.9999903440475464,1.733037947815319e-06,7.8431576184812e-06,id05393,EAP
0.9999572038650513,2.6632048957253573e-06,4.022038774564862e-05,id13061,MWS
0.0003348587779328227,1.887939902189828e-06,0.999663233757019,id21790,MWS
7.016857125563547e-06,5.827681661685347e-07,0.9999923706054688,id17251,MWS
0.5374810099601746,0.46243351697921753,8.55032994877547e-05,id10810,HPL
0.9999959468841553,5.539152994060714e-07,3.460066182014998e-06,id25410,EAP
0.9999958276748657,9.570796919433633e-07,3.231441269235802e-06,id02685,EAP
0.9999986886978149,5.368746087697218e-07,7.395760235340276e-07,id12355,EAP
5.023811127102817e-07,0.9999994039535522,6.362158444517263e-08,id21664,HPL
0.05856991559267044,0.23552632331848145,0.7059037685394287,id10797,EAP
3.964975803683046e-06,0.9994893074035645,0.0005067225429229438,id15989,HPL
8.36532490211539e-06,7.600717708555749e-07,0.9999908208847046,id08723,MWS
0.9996956586837769,0.00022691629419568926,7.75065491325222e-05,id04766,MWS
0.9999834299087524,8.235570930992253e-06,8.398003046750091e-06,id20153,EAP
0.999752938747406,0.00020824202510993928,3.882302553392947e-05,id22479,EAP
0.9999446868896484,6.04862043473986e-06,4.918227932648733e-05,id05025,EAP
0.9997352957725525,0.0002506932651158422,1.3896708878746722e-05,id02529,EAP
0.00040411148802377284,0.9995958209037781,1.3202848947457824e-07,id25915,HPL
0.9995846152305603,3.53428149537649e-05,0.0003799710830207914,id16755,EAP
1.2680830877798144e-05,1.584331585036125e-05,0.9999715089797974,id20221,MWS
