id,EAP,HPL,MWS
id02310,0.001771904144,0.000005613704,0.998222482152
id24541,0.994675080403,0.000552576291,0.004772343305
id00134,0.000017664640,0.999867837234,0.000114498126
id27757,0.958380332040,0.041590195575,0.000029472386
id04081,0.982787797318,0.016636591750,0.000575610932
id27337,0.999981222393,0.000004461411,0.000014316196
id24265,0.999900405082,0.000063282433,0.000036312485
id25917,0.000035699639,0.000291248013,0.999673052348
id04951,0.999981444874,0.000010598612,0.000007956514
id14549,0.999714196480,0.000208030734,0.000077772786
id22505,0.000027007578,0.181249690268,0.818723302154
id24002,0.000024010779,0.999883187990,0.000092801232
id18982,0.941858908166,0.016514256758,0.041626835076
id15181,0.007331827027,0.992615569317,0.000052603656
id21888,0.727745600702,0.270984911085,0.001269488213
id12035,0.000008866499,0.000014934208,0.999976199294
id17991,0.995555310830,0.002687489759,0.001757199411
id10707,0.999963390262,0.000027664397,0.000008945340
id07101,0.000082826318,0.000047406271,0.999869767411
id00345,0.178823630677,0.821117843706,0.000058525617
id05912,0.961621110996,0.000642827915,0.037736061089
id13443,0.804831921743,0.000030803139,0.195137275118
id09248,0.999424571225,0.000073951933,0.000501476842
id17542,0.006267420831,0.905018626764,0.088713952405
id06995,0.000024617590,0.000002589460,0.999972792950
id25159,0.999958918230,0.000026580029,0.000014501741
id25729,0.000037070348,0.999829100582,0.000133829070
id26949,0.999707472728,0.000185996640,0.000106530632
id27191,0.000021868719,0.000001918076,0.999976213204
id07668,0.004149968511,0.000011544415,0.995838487074
id02230,0.367038626766,0.278526183541,0.354435189693
id15553,0.999983328912,0.000000759543,0.000015911545
id25688,0.000019119842,0.999670259673,0.000310620485
id17545,0.999777073363,0.000199430327,0.000023496309
id13929,0.549994772814,0.002722967883,0.447282259303
id12880,0.000020044046,0.999863051201,0.000116904752
id19282,0.998816122316,0.001159773490,0.000024104194
id14690,0.000013026022,0.000011289702,0.999975684276
id17975,0.338866670333,0.661121148782,0.000012180885
id08037,0.999942193569,0.000014325728,0.000043480703
id15412,0.587839024964,0.000018863234,0.412142111802
id25032,0.972206836145,0.001242567552,0.026550596303
id27165,0.999909701697,0.000012130711,0.000078167592
id03327,0.999734425352,0.000036991994,0.000228582654
id18515,0.990647591288,0.000004842801,0.009347565910
id21003,0.000020544027,0.000009569655,0.999969886318
id23855,0.000069430197,0.999835664167,0.000094905637
id20724,0.711752525769,0.229728437162,0.058519037070
id13303,0.991593191201,0.000007510292,0.008399298508
id16521,0.000026800411,0.999737113598,0.000236085991
id20775,0.999902709701,0.000021501666,0.000075788632
id13029,0.795397661471,0.161514879047,0.043087459482
id14660,0.544190271034,0.455564085863,0.000245643103
id11028,0.000404146582,0.000018053147,0.999577800271
id14180,0.999919183823,0.000024468186,0.000056347991
id25860,0.999972132864,0.000005531310,0.000022335826
id11910,0.212239284357,0.000036412175,0.787724303468
id08065,0.005488053054,0.000292449241,0.994219497705
id22674,0.000008067334,0.000012588343,0.999979344323
id25018,0.166289268690,0.000077958385,0.833632772925
id10892,0.000023727828,0.999857493055,0.000118779117
id10217,0.000037139653,0.999773067798,0.000189792549
id12996,0.940618281109,0.000856674229,0.058525044662
id18262,0.999801828536,0.000093436075,0.000104735389
id08606,0.000022003732,0.999824001635,0.000153994633
id17233,0.880181201689,0.091153057736,0.028665740575
id00101,0.117053162460,0.882764083295,0.000182754246
id12225,0.999437641280,0.000158049727,0.000404308994
id01364,0.000039676949,0.999756152578,0.000204170473
id24973,0.999776621209,0.000138424703,0.000084954088
id25363,0.994868107576,0.000003455507,0.005128436917
id10061,0.000049877776,0.000036509867,0.999913612357
id17673,0.000249763427,0.999529212598,0.000221023975
id13249,0.809287921210,0.000056399097,0.190655679694
id10107,0.000037009374,0.000019328248,0.999943662378
id04403,0.999942409341,0.000017790932,0.000039799728
id25728,0.999891473271,0.000084874813,0.000023651915
id16184,0.999527972665,0.000105993176,0.000366034159
id03438,0.823304014389,0.000003501959,0.176692483651
id22923,0.000113582665,0.999480514369,0.000405902966
id08610,0.999600910970,0.000017607168,0.000381481862
id25355,0.270736337112,0.035529030425,0.693734632463
id16916,0.999885879402,0.000088781683,0.000025338915
id12793,0.000035077655,0.999812154083,0.000152768262
id11859,0.983641704765,0.000037321849,0.016320973386
id02434,0.999899501463,0.000096094979,0.000004403558
id27703,0.000015470874,0.000001122366,0.999983406760
id25212,0.000016084385,0.999856736518,0.000127179097
id11308,0.000063578051,0.000210478350,0.999725943599
id26094,0.999830335604,0.000137563085,0.000032101311
id22080,0.965951128020,0.033552692842,0.000496179138
id03545,0.800871113283,0.199038840204,0.000090046514
id23725,0.000013697847,0.000040969859,0.999945332295
id12009,0.993040989007,0.000103011982,0.006855999011
id24241,0.648419107345,0.000381147623,0.351199745032
id03596,0.000028501198,0.999794367237,0.000177131565
id10749,0.000122424456,0.999632372833,0.000245202711
id22794,0.003712182828,0.000172226424,0.996115590747
id15482,0.161097265354,0.686842447305,0.152060287341
id04833,0.999126930881,0.000734711002,0.000138358117
id00397,0.000044934378,0.000087644036,0.999867421586
id14691,0.000008530547,0.000009247565,0.999982221888
id05193,0.055367512246,0.000150872309,0.944481615445
id19541,0.999899763563,0.000067801892,0.000032434545
id22166,0.000017329854,0.000001940353,0.999980729793
id20744,0.000006148774,0.000008080403,0.999985770823
id10392,0.000113963286,0.000001424876,0.999884611838
id00770,0.999988661214,0.000005210258,0.000006128528
id06018,0.999968201349,0.000016612429,0.000015186222
id15678,0.022374536292,0.000002948990,0.977622514718
id08305,0.999662257783,0.000066036608,0.000271705610
id08903,0.000020022145,0.000012140103,0.999967837752
id14752,0.001174798885,0.998513655148,0.000311545967
id12468,0.000041164778,0.999706417773,0.000252417449
id05085,0.000026546166,0.999895461517,0.000077992316
id21993,0.112897235432,0.003544620423,0.883558144144
id15503,0.999468073823,0.000480052525,0.000051873652
id03021,0.000014926809,0.999870605580,0.000114467611
id16123,0.872750664752,0.127216266894,0.000033068354
id19383,0.890169656545,0.109808870783,0.000021472672
id04186,0.999906795501,0.000026071436,0.000067133063
id17954,0.000012373766,0.000004357766,0.999983268468
id12030,0.642193332376,0.001309127211,0.356497540413
id13020,0.831715311754,0.168230699132,0.000053989114
id25327,0.000086012478,0.998827107869,0.001086879653
id16344,0.000110635968,0.000131680356,0.999757683675
id12303,0.000149431220,0.999710001863,0.000140566916
id15017,0.680080022009,0.319005749782,0.000914228208
id22308,0.000023499782,0.000004500503,0.999971999715
id06536,0.000058084261,0.000473718515,0.999468197224
id19797,0.562449634389,0.437431285702,0.000119079910
id06332,0.999951580848,0.000035054867,0.000013364285
id22941,0.035309199078,0.555151858486,0.409538942436
id13547,0.002334694340,0.014927634946,0.982737670714
id06928,0.000024644102,0.000015361597,0.999959994301
id12521,0.568440091894,0.431448177302,0.000111730805
id25716,0.452348673626,0.000036676079,0.547614650295
id27116,0.000022828957,0.000015808641,0.999961362402
id19941,0.000036258561,0.999787397385,0.000176344054
id05711,0.000014871138,0.000086404022,0.999898724840
id02097,0.000009650560,0.000009427646,0.999980921794
id03563,0.000021516022,0.999844320440,0.000134163538
id02295,0.549360621056,0.288427384184,0.162211994760
id08179,0.999917137997,0.000006163078,0.000076698925
id05332,0.000024892656,0.999800119201,0.000174988143
id15697,0.995346550577,0.000157453904,0.004495995519
id17026,0.000483310768,0.000420614910,0.999096074322
id04243,0.999899584960,0.000089968740,0.000010446300
id13175,0.999785812412,0.000111307818,0.000102879769
id05387,0.966434289945,0.000038497649,0.033527212406
id19989,0.999870839047,0.000104501048,0.000024659905
id25173,0.003486683822,0.003251206619,0.993262109559
id08925,0.000025102476,0.999884767882,0.000090129642
id03034,0.000065559251,0.999714780918,0.000219659831
id13272,0.000018935051,0.999898094837,0.000082970112
id07956,0.000050209147,0.000001193010,0.999948597843
id02648,0.013973079165,0.000013097816,0.986013823019
id01778,0.000009198158,0.000002138970,0.999988662872
id12846,0.000005921993,0.000021025347,0.999973052660
id19001,0.952085006160,0.000055259384,0.047859734456
id05763,0.998968946266,0.000018684720,0.001012369014
id15590,0.000076953838,0.000001384864,0.999921661298
id04912,0.999852383196,0.000042012939,0.000105603865
id21201,0.967056882074,0.000170768760,0.032772349166
id13215,0.999864169735,0.000035571336,0.000100258930
id15612,0.000133717834,0.999706424140,0.000159858027
id18501,0.835303089932,0.000021686255,0.164675223813
id07223,0.338753111838,0.624495188193,0.036751699969
id06707,0.000015184670,0.000021539862,0.999963275468
id05238,0.000023520002,0.999860845579,0.000115634419
id00935,0.000008003591,0.000136601649,0.999855394760
id00110,0.999915037336,0.000056031504,0.000028931161
id17476,0.526314303546,0.473632480443,0.000053216010
id15170,0.999912973251,0.000076061460,0.000010965289
id13397,0.393388571092,0.604159720442,0.002451708466
id24283,0.999841259776,0.000009340642,0.000149399582
id15234,0.992746627155,0.004602599432,0.002650773414
id16884,0.000149851392,0.999711376769,0.000138771839
id07831,0.005356441814,0.994444353631,0.000199204555
id16038,0.986535834176,0.013418106695,0.000046059128
id03629,0.999813817370,0.000115961171,0.000070221460
id21019,0.999668276961,0.000043713490,0.000288009549
id21835,0.790180363083,0.000139487228,0.209680149689
id04480,0.000021563753,0.999884463200,0.000093973046
id20838,0.499241427161,0.500639669614,0.000118903225
id24195,0.999468950700,0.000044376920,0.000486672381
id05448,0.999987826126,0.000007403892,0.000004769982
id15957,0.000037766119,0.999588471410,0.000373762470
id19956,0.000007204328,0.000002981602,0.999989814070
id15104,0.203904804893,0.162496070645,0.633599124462
id17559,0.999605391709,0.000354061191,0.000040547099
id16839,0.125186402731,0.872248680872,0.002564916397
id14493,0.999924109911,0.000022419184,0.000053470906
id08833,0.601813285443,0.000005671577,0.398181042980
id15723,0.126583243255,0.040798674117,0.832618082627
id02716,0.999942614222,0.000010874649,0.000046511128
id06689,0.000026354094,0.999847480152,0.000126165754
id18837,0.001270524454,0.000008280393,0.998721195154
id04466,0.999940504081,0.000002267886,0.000057228033
id00686,0.999967244659,0.000010749155,0.000022006186
id09010,0.000031255625,0.999867736123,0.000101008252
id23353,0.999811478113,0.000049637822,0.000138884065
id00066,0.583630023100,0.416329355302,0.000040621599
id15724,0.000038318959,0.999826957406,0.000134723636
id23486,0.024835805688,0.000004726587,0.975159467725
id22258,0.000028151759,0.000265412975,0.999706435266
id02292,0.999754526771,0.000163340605,0.000082132624
id16356,0.000015758799,0.000025911065,0.999958330135
id00235,0.999972570508,0.000019116697,0.000008312795
id25522,0.000961259934,0.000008828326,0.999029911740
id04204,0.000055198748,0.999831167993,0.000113633260
id22016,0.285889871619,0.000299991638,0.713810136743
id06480,0.000269769678,0.999046045473,0.000684184849
id08718,0.027540909301,0.000005058166,0.972454032533
id05251,0.000024873053,0.999756622086,0.000218504861
id03359,0.932370328524,0.067269598760,0.000360072716
id16117,0.000011816748,0.000008575560,0.999979607692
id17000,0.000046733674,0.999582206368,0.000371059958
id01730,0.000024039657,0.999875703497,0.000100256846
id00630,0.999925836102,0.000054426653,0.000019737245
id18175,0.397693695846,0.000041716386,0.602264587768
id00907,0.988993296108,0.010944276005,0.000062427887
id18251,0.000020626039,0.999844711109,0.000134662852
id25861,0.999626010185,0.000100082279,0.000273907536
id00398,0.999600952884,0.000111444356,0.000287602760
id27573,0.999955314031,0.000030804321,0.000013881648
id10022,0.000024280394,0.999784577859,0.000191141747
id15901,0.000023607900,0.000003861035,0.999972531065
id00451,0.215443730024,0.422028631480,0.362527638495
id23129,0.000043473903,0.999798906209,0.000157619888
id26498,0.001458387748,0.998472671742,0.000068940510
id14741,0.000085050859,0.999262401542,0.000652547600
id18453,0.441432231514,0.000310282819,0.558257485667
id08309,0.930594789850,0.000236157233,0.069169052917
id00320,0.999962628040,0.000025817211,0.000011554749
id07688,0.437707272705,0.015511245775,0.546781481520
id01556,0.000014329005,0.000004868784,0.999980802211
id00178,0.379109737506,0.000058847879,0.620831414616
id18902,0.000009182040,0.000003778634,0.999987039326
id27002,0.921374246526,0.078551848821,0.000073904653
id21418,0.999980643858,0.000009463636,0.000009892506
id23018,0.999362591603,0.000044903382,0.000592505015
id07032,0.867804621996,0.000029679418,0.132165698586
id16195,0.337545399036,0.001715548208,0.660739052756
id11202,0.000187443586,0.999793762893,0.000018793521
id09578,0.979365513859,0.000036805690,0.020597680451
id26984,0.979190727738,0.020497344494,0.000311927768
id19856,0.000021705734,0.999897441820,0.000080852446
id12086,0.668614672316,0.000038597208,0.331346730476
id12052,0.002977635580,0.003112937523,0.993909426896
id17728,0.000067943348,0.000009633124,0.999922423528
id24608,0.999935858522,0.000010230492,0.000053910986
id21097,0.022308724058,0.005266888310,0.972424387632
id20179,0.000011153690,0.000003719368,0.999985126942
id15144,0.876360957454,0.123139577889,0.000499464657
id00206,0.999981390049,0.000007895456,0.000010714495
id22285,0.000012398096,0.000009953509,0.999977648395
id06417,0.000151960143,0.999765597586,0.000082442271
id00215,0.000033106670,0.999747019918,0.000219873411
id04201,0.817729915586,0.001567634005,0.180702450410
id21771,0.999435855737,0.000096968238,0.000467176025
id12451,0.001138097215,0.778254362733,0.220607540052
id14250,0.000109929645,0.999695757073,0.000194313282
id03433,0.000021028825,0.999897917290,0.000081053885
id03303,0.000041050405,0.000005881779,0.999953067815
id25901,0.000813239128,0.835569828733,0.163616932139
id06945,0.965560689207,0.000020861461,0.034418449331
id05664,0.855164405652,0.000156648400,0.144678945947
id05741,0.999814801689,0.000006536490,0.000178661820
id10652,0.999896355716,0.000037576578,0.000066067706
id16300,0.999969360637,0.000005453767,0.000025185596
id12319,0.999920916194,0.000048306440,0.000030777367
id07500,0.000022183055,0.999812958122,0.000164858824
id12478,0.177398418772,0.185566858625,0.637034722603
id03076,0.000032158692,0.000004319252,0.999963522057
id00969,0.000058124020,0.999807841242,0.000134034739
id23636,0.000065155231,0.999687506067,0.000247338703
id09791,0.016664695471,0.481483525169,0.501851779360
id05680,0.000027650767,0.999733566170,0.000238783063
id03672,0.000023154854,0.999848543060,0.000128302086
id04286,0.000019550820,0.999802108695,0.000178340485
id23883,0.000014153793,0.000014422869,0.999971423338
id11914,0.000080109450,0.000009839847,0.999910050703
id20974,0.000024656934,0.999821069260,0.000154273806
id26125,0.998931876199,0.000009416101,0.001058707700
id15543,0.894072091545,0.000010850499,0.105917057957
id19471,0.997399230866,0.002590084531,0.000010684603
id11503,0.804352164786,0.195443409015,0.000204426198
id09321,0.000017888274,0.999844659628,0.000137452098
id25560,0.000009353472,0.000002308980,0.999988337548
id06726,0.858536181481,0.141368050064,0.000095768455
id05709,0.999964580385,0.000026013664,0.000009405952
id09788,0.094779384474,0.450335209681,0.454885405845
id05289,0.999977424601,0.000018113231,0.000004462168
id11815,0.000019824723,0.999799803293,0.000180371984
id22422,0.999915822344,0.000021316870,0.000062860786
id25954,0.999791096964,0.000066917755,0.000141985281
id13601,0.512790155310,0.487090055815,0.000119788875
id05677,0.957061002701,0.040400626484,0.002538370815
id10498,0.000023228627,0.999733079810,0.000243691563
id02665,0.622292553676,0.377684239321,0.000023207003
id10114,0.000047995124,0.999778750652,0.000173254224
id26314,0.999945272101,0.000049048547,0.000005679352
id21240,0.179131557343,0.000020573157,0.820847869500
id15569,0.999808925533,0.000015017530,0.000176056937
id25928,0.998938052118,0.000120050726,0.000941897157
id22706,0.000030850442,0.999883429063,0.000085720495
id20877,0.000037945910,0.999075569253,0.000886484837
id04318,0.999829438903,0.000090692232,0.000079868865
id18299,0.262968231266,0.718116593502,0.018915175232
id08126,0.112382823920,0.188737336322,0.698879839758
id14293,0.451395399827,0.000071146493,0.548533453680
id12759,0.999905439019,0.000062566114,0.000031994867
id11983,0.865750550173,0.121485858617,0.012763591210
id05580,0.999277483494,0.000069285204,0.000653231302
id25846,0.000023533132,0.999862367074,0.000114099794
id01939,0.796809029861,0.013339091361,0.189851878779
id26327,0.034242100280,0.001063917801,0.964693981920
id11068,0.000014452432,0.000001245698,0.999984301870
id08404,0.999026295381,0.000709054333,0.000264650287
id27189,0.000515639242,0.999274449241,0.000209911517
id15119,0.006340997755,0.993551947903,0.000107054342
id26525,0.999908560213,0.000074674696,0.000016765090
id03618,0.151831724141,0.848123849376,0.000044426483
id27220,0.999973036563,0.000023314821,0.000003648616
id18777,0.002192740664,0.000018026133,0.997789233203
id20213,0.743694937290,0.000027264924,0.256277797786
id20403,0.999990187767,0.000004901470,0.000004910763
id03777,0.000035868396,0.000389341019,0.999574790586
id10595,0.000073904054,0.999858683675,0.000067412272
id13816,0.000543754427,0.000002298038,0.999453947535
id05667,0.000010966406,0.000002858713,0.999986174881
id24629,0.999769135185,0.000028974782,0.000201890032
id20398,0.002961515885,0.000024425848,0.997014058267
id14108,0.000006195585,0.000001942619,0.999991861796
id06196,0.000033670407,0.999666481033,0.000299848560
id02800,0.999857099430,0.000122538971,0.000020361599
id18732,0.000027645533,0.999826562968,0.000145791499
id11915,0.000044572777,0.999801056171,0.000154371052
id09739,0.841806781128,0.000029427054,0.158163791818
id24672,0.999661379869,0.000005111903,0.000333508228
id00414,0.041921636978,0.000163632845,0.957914730178
id16307,0.999742648397,0.000113919857,0.000143431746
id14043,0.613802721524,0.000022225113,0.386175053363
id00517,0.000034938917,0.000007196620,0.999957864464
id09744,0.998563213082,0.001244779725,0.000192007193
id19257,0.999910457374,0.000079096611,0.000010446015
id15437,0.003684197237,0.995786623204,0.000529179558
id16352,0.010668887596,0.988101279661,0.001229832744
id18849,0.034785501842,0.001420836589,0.963793661569
id19434,0.000054931156,0.999390515330,0.000554553514
id17928,0.000009653409,0.000002559364,0.999987787227
id16896,0.009167340580,0.000041982016,0.990790677404
id02135,0.946466758986,0.030437411898,0.023095829116
id15075,0.999988118518,0.000008654575,0.000003226907
id27486,0.000061680469,0.999199143774,0.000739175757
id19422,0.044023621353,0.955930097308,0.000046281339
id09603,0.106609294711,0.891378487288,0.002012218001
id02133,0.000026119341,0.999832656974,0.000141223685
id03441,0.999950097019,0.000002859174,0.000047043807
id02398,0.000035499474,0.999877788620,0.000086711906
id05152,0.157765564476,0.000053519755,0.842180915770
id17838,0.794115757975,0.000036160635,0.205848081390
id25060,0.999907454635,0.000029852021,0.000062693344
id09998,0.001964795518,0.000663497121,0.997371707361
id01828,0.000295118826,0.999649421778,0.000055459396
id25377,0.723227380581,0.000070206669,0.276702412750
id22175,0.000025023190,0.999774331164,0.000200645646
id02974,0.175353759100,0.003936192013,0.820710048888
id26955,0.999893080344,0.000102681779,0.000004237877
id21091,0.998594530983,0.000002317250,0.001403151767
id12802,0.999843961902,0.000137442360,0.000018595738
id07432,0.000031247214,0.999706189201,0.000262563585
id18749,0.182850016030,0.817130022557,0.000019961413
id15030,0.000011383929,0.000040605483,0.999948010588
id17155,0.000030663115,0.999753015024,0.000216321861
id08128,0.000034532076,0.999715878765,0.000249589159
id25706,0.000041405913,0.999692755146,0.000265838941
id15645,0.999950245594,0.000027336603,0.000022417803
id04943,0.000502607421,0.998128509159,0.001368883420
id27566,0.000008612610,0.000073090283,0.999918297108
id11765,0.000040793878,0.000011856041,0.999947350081
id13783,0.917248878167,0.081692424470,0.001058697363
id00492,0.000053251320,0.000083941593,0.999862807087
id27636,0.094230828620,0.000002502525,0.905766668855
id04273,0.414127721066,0.585674851872,0.000197427063
id02537,0.663407372307,0.114627551836,0.221965075857
id24349,0.999683886156,0.000100764484,0.000215349360
id00023,0.000019268241,0.999797149943,0.000183581816
id23025,0.074061054092,0.925881947300,0.000056998607
id08722,0.988320603149,0.011510834315,0.000168562536
id02420,0.992779755949,0.007139252492,0.000080991558
id10811,0.995806570445,0.000074886443,0.004118543112
id04019,0.000015152072,0.000014107091,0.999970740837
id18334,0.999903937965,0.000059669340,0.000036392695
id16781,0.999881017504,0.000018785977,0.000100196518
id08773,0.737649402514,0.016562705655,0.245787891831
id19214,0.703524842915,0.000647758878,0.295827398206
id09589,0.000057448528,0.999456973867,0.000485577605
id24246,0.999788081577,0.000197940719,0.000013977704
id23577,0.957530063974,0.042457505767,0.000012430258
id09305,0.982508853920,0.000017661242,0.017473484837
id16460,0.805117381705,0.012830187649,0.182052430646
id21115,0.994250993620,0.000007276721,0.005741729659
id25996,0.944512598195,0.000139775714,0.055347626090
id02551,0.000010412392,0.000008160533,0.999981427075
id19352,0.000016061490,0.000007068034,0.999976870476
id03806,0.941073830923,0.000227154369,0.058699014708
id26544,0.998844474962,0.000029881963,0.001125643076
id18761,0.999881863316,0.000024772855,0.000093363829
id24148,0.000177229573,0.999748390030,0.000074380396
id16095,0.000037279424,0.999814572634,0.000148147942
id18442,0.999946264664,0.000017884805,0.000035850531
id22596,0.000021245036,0.000002922670,0.999975832294
id23002,0.557835534016,0.006595599679,0.435568866305
id04797,0.999960355660,0.000036138072,0.000003506268
id06610,0.000034543942,0.000002116538,0.999963339520
id16173,0.731955820826,0.263374847529,0.004669331645
id18292,0.001029557938,0.000039575586,0.998930866477
id27328,0.999956891374,0.000020769802,0.000022338824
id01695,0.000057110840,0.999219556499,0.000723332661
id05761,0.998390848273,0.000929669630,0.000679482097
id16354,0.999949350589,0.000041585989,0.000009063422
id12207,0.000092194666,0.999837927416,0.000069877918
id05665,0.000047521527,0.000013057498,0.999939420975
id01911,0.997878915541,0.001653861893,0.000467222566
id19153,0.000020906940,0.000012638814,0.999966454247
id10295,0.999956113120,0.000028312648,0.000015574232
id23038,0.994263957939,0.005551750164,0.000184291896
id23783,0.000020887308,0.999828003734,0.000151108958
id27879,0.999980296263,0.000009877113,0.000009826624
id19190,0.000186291638,0.999189393643,0.000624314719
id05065,0.999030918140,0.000794462858,0.000174619002
id21296,0.001852780766,0.997992153583,0.000155065650
id13262,0.786869666327,0.063954218672,0.149176115000
id10333,0.999625182850,0.000347408731,0.000027408419
id16677,0.061229834756,0.938080398879,0.000689766364
id01392,0.193934310932,0.000120448406,0.805945240662
id27874,0.994975380712,0.004863525868,0.000161093419
id02294,0.799456074970,0.000557403389,0.199986521641
id18298,0.017285420017,0.000004419074,0.982710160909
id06997,0.999956069339,0.000005505541,0.000038425120
id05243,0.410839942215,0.586498876048,0.002661181737
id00860,0.065302060442,0.868961817232,0.065736122326
id26681,0.999904431159,0.000026087950,0.000069480891
id06020,0.000904070119,0.000002872860,0.999093057021
id27683,0.801467751931,0.000017339053,0.198514909016
id17655,0.000025529180,0.999862989784,0.000111481036
id08817,0.107764694492,0.000263064204,0.891972241304
id11512,0.000008353518,0.000160944153,0.999830702329
id00478,0.604142894816,0.032658804100,0.363198301084
id02116,0.999944853031,0.000044874648,0.000010272321
id06746,0.999989628801,0.000004868514,0.000005502686
id03863,0.910810089140,0.083795678970,0.005394231890
id01802,0.000617905206,0.998546183400,0.000835911393
id11682,0.994402769217,0.005541234972,0.000055995811
id04033,0.000024160967,0.999855116567,0.000120722466
id09286,0.000024430338,0.999670214066,0.000305355595
id12904,0.999928685450,0.000065647196,0.000005667354
id07420,0.000006979462,0.000030488836,0.999962531702
id22398,0.000024600390,0.999798127421,0.000177272189
id00424,0.000010102913,0.000006077808,0.999983819279
id20960,0.999946929725,0.000027023269,0.000026047006
id10267,0.000446623501,0.998641212698,0.000912163801
id19330,0.235224565675,0.000004927857,0.764770506468
id00994,0.000037888217,0.999813978553,0.000148133230
id10785,0.057044820646,0.942863023247,0.000092156107
id00955,0.000181168955,0.999753623782,0.000065207264
id09757,0.000042584159,0.999748564521,0.000208851321
id10030,0.168250616728,0.000094394610,0.831654988662
id22952,0.000023774488,0.000133088758,0.999843136754
id21955,0.000023216006,0.000005417284,0.999971366709
id07674,0.693656749894,0.300090831288,0.006252418819
id13760,0.000049449056,0.999880507003,0.000070043941
id18166,0.999954309090,0.000005176440,0.000040514470
id23498,0.999921797284,0.000024175552,0.000054027164
id05296,0.999924147859,0.000067815071,0.000008037070
id26709,0.999470833301,0.000272817945,0.000256348754
id02853,0.999930776352,0.000062975534,0.000006248115
id06800,0.984007995775,0.000504764670,0.015487239554
id14758,0.001133320212,0.996807958227,0.002058721561
id12356,0.999786567862,0.000211002376,0.000002429762
id21492,0.996652989839,0.003329426844,0.000017583316
id27540,0.012297471566,0.000006632129,0.987695896304
id07376,0.734286436328,0.264695891157,0.001017672515
id15201,0.227744754933,0.771436313316,0.000818931752
id23388,0.000041647044,0.999654326943,0.000304026014
id13923,0.000079667340,0.999596286733,0.000324045928
id00794,0.000046189689,0.999753287380,0.000200522931
id23910,0.000010781030,0.000003876572,0.999985342398
id02556,0.399767309958,0.000023685341,0.600209004701
id22151,0.000017819131,0.999881156965,0.000101023904
id11698,0.000158126066,0.999126068618,0.000715805316
id11627,0.419869225673,0.000011147595,0.580119626732
id06340,0.999773623891,0.000165184205,0.000061191904
id05123,0.999043198521,0.000090027116,0.000866774363
id26620,0.000008316216,0.000008098367,0.999983585417
id04002,0.000008830808,0.000011602319,0.999979566873
id26554,0.987408507870,0.001132829762,0.011458662368
id18012,0.723903661201,0.000072917145,0.276023421654
id12964,0.955233476218,0.003286665983,0.041479857800
id18965,0.000658403959,0.174681841167,0.824659754873
id19082,0.294719217561,0.000223344677,0.705057437762
id26742,0.000078286385,0.000013334501,0.999908379114
id15442,0.002434055531,0.997276056748,0.000289887721
id16647,0.620861842490,0.000152175887,0.378985981623
id11544,0.007357956743,0.000020310710,0.992621732547
id20581,0.004564836681,0.000039155165,0.995396008153
id13192,0.664197137437,0.001861644871,0.333941217692
id15814,0.000237870270,0.000018886794,0.999743242936
id26279,0.000041029678,0.999835537087,0.000123433235
id00240,0.999913588352,0.000043672073,0.000042739576
id22836,0.999867917095,0.000030392519,0.000101690386
id15085,0.000023567322,0.999773466932,0.000202965746
id17495,0.636954057179,0.000711055595,0.362334887226
id26762,0.127613314605,0.199628759531,0.672757925864
id13685,0.999976763336,0.000003121196,0.000020115467
id16560,0.000407495540,0.999558841650,0.000033662810
id17184,0.000027702378,0.999830728813,0.000141568809
id21635,0.999986668288,0.000002692727,0.000010638985
id26751,0.520871878313,0.479071262274,0.000056859412
id12351,0.999941370273,0.000056264868,0.000002364858
id14872,0.892592873716,0.000626630499,0.106780495785
id18372,0.999970584491,0.000005474444,0.000023941065
id26851,0.746579439662,0.000696108323,0.252724452016
id22659,0.964992721390,0.034991894354,0.000015384256
id04102,0.000008991152,0.000027680378,0.999963328470
id02353,0.000036717553,0.999848474836,0.000114807611
id26721,0.999977541193,0.000003915709,0.000018543099
id11171,0.999880454732,0.000019341604,0.000100203664
id13562,0.842867519913,0.101038917031,0.056093563057
id26425,0.999721068951,0.000155317340,0.000123613710
id26394,0.999617992177,0.000229999301,0.000152008522
id22187,0.999115732834,0.000406538637,0.000477728529
id00422,0.999985681220,0.000008423369,0.000005895411
id22667,0.000022292929,0.999798568812,0.000179138259
id00911,0.999558567142,0.000060901086,0.000380531772
id17291,0.000635020341,0.012775976766,0.986589002893
id01915,0.005597514202,0.000067702779,0.994334783019
id01434,0.989528332083,0.006586135663,0.003885532255
id01584,0.502921547002,0.000014689763,0.497063763234
id09266,0.999958423915,0.000034587615,0.000006988469
id17494,0.000043499062,0.999784482968,0.000172017970
id24919,0.970864669442,0.000924628442,0.028210702116
id21043,0.226553911857,0.000195862816,0.773250225327
id17796,0.000023442768,0.999876330162,0.000100227070
id02166,0.996931088229,0.000004183682,0.003064728089
id17503,0.999851948643,0.000106315638,0.000041735718
id21203,0.999579741473,0.000181235273,0.000239023254
id25626,0.999977067676,0.000013329635,0.000009602688
id09836,0.999809163796,0.000020918676,0.000169917528
id24202,0.000009656181,0.000024448364,0.999965895455
id27260,0.001794469978,0.025229194187,0.972976335835
id23167,0.000044519350,0.000052571891,0.999902908759
id10393,0.000530136445,0.998893720468,0.000576143086
id01171,0.999877300338,0.000116160157,0.000006539505
id06380,0.999868446403,0.000122448072,0.000009105525
id22686,0.000269011075,0.000075432598,0.999655556327
id26250,0.000091864327,0.000010221136,0.999897914537
id09315,0.082321051607,0.916371782700,0.001307165693
id00886,0.000248230354,0.996820802367,0.002930967279
id03101,0.999868908251,0.000048683499,0.000082408250
id12367,0.999757317061,0.000009166220,0.000233516719
id10770,0.637668813497,0.000060133026,0.362271053477
id14949,0.000020861923,0.999881218490,0.000097919587
id14141,0.999409073819,0.000384300739,0.000206625442
id25417,0.331401456018,0.593855228311,0.074743315671
id26873,0.996286750294,0.003665043328,0.000048206378
id10818,0.000033768744,0.000022239689,0.999943991567
id15146,0.997821238623,0.000053294951,0.002125466426
id23328,0.999897471686,0.000043581901,0.000058946413
id16765,0.035347104178,0.952892876010,0.011760019813
id24383,0.995362854651,0.001358469592,0.003278675758
id21304,0.999990817421,0.000004933220,0.000004249359
id12551,0.000028663002,0.999843053751,0.000128283247
id23274,0.000020506479,0.000032664650,0.999946828872
id08117,0.999627412985,0.000067568998,0.000305018016
id23961,0.999920639289,0.000028240819,0.000051119892
id13865,0.000076327631,0.999830776283,0.000092896086
id22807,0.000007268357,0.000002702318,0.999990029325
id08951,0.003355595151,0.000009275687,0.996635129162
id18684,0.999863307363,0.000033955123,0.000102737514
id25179,0.983422124342,0.016544643863,0.000033231795
id27033,0.999820055628,0.000033255390,0.000146688981
id13977,0.000145419412,0.999621891009,0.000232689579
id19337,0.000194398241,0.999703951285,0.000101650474
id25764,0.000019732886,0.999817656084,0.000162611030
id16106,0.000012409939,0.000018070541,0.999969519519
id05468,0.421022758170,0.000008137919,0.578969103911
id05241,0.999832485761,0.000017171032,0.000150343207
id10215,0.074000941536,0.004368756357,0.921630302106
id23457,0.000009153006,0.000007429405,0.999983417589
id02200,0.999836125320,0.000159843726,0.000004030954
id13714,0.000035993660,0.999742755679,0.000221250662
id20332,0.000007706150,0.000002566434,0.999989727416
id18573,0.036614427787,0.844664764198,0.118720808015
id08569,0.999930975235,0.000003840560,0.000065184204
id22767,0.009322845079,0.917382279356,0.073294875565
id25390,0.000086098285,0.999786214631,0.000127687084
id09288,0.999977880312,0.000004153555,0.000017966133
id12381,0.999978016617,0.000004464953,0.000017518430
id02895,0.000014282895,0.000098607446,0.999887109659
id25270,0.000039239478,0.000001294969,0.999959465553
id14248,0.993661075848,0.000352452912,0.005986471240
id12831,0.999986858181,0.000008217461,0.000004924359
id18305,0.999909786247,0.000007616109,0.000082597644
id07805,0.770702070529,0.229278721934,0.000019207536
id14027,0.000197055186,0.000149068745,0.999653876069
id02760,0.018129277219,0.000013650045,0.981857072737
id24362,0.999957397162,0.000033669959,0.000008932878
id17065,0.000037752468,0.999654535136,0.000307712396
id26583,0.001742952313,0.994814300883,0.003442746804
id19664,0.955331201091,0.044378931582,0.000289867327
id25145,0.999264730458,0.000160588997,0.000574680545
id17858,0.000022991794,0.999896243828,0.000080764378
id05148,0.000045111299,0.999335486915,0.000619401786
id22928,0.987757697626,0.012214780664,0.000027521710
id21549,0.023758124659,0.000004577532,0.976237297809
id12649,0.000037198722,0.999827719192,0.000135082086
id21597,0.999846562414,0.000046377180,0.000107060406
id27945,0.999867799130,0.000124540883,0.000007659987
id00243,0.999982816664,0.000013098225,0.000004085111
id02745,0.999973731251,0.000003397872,0.000022870878
id23550,0.000287583263,0.000019892845,0.999692523892
id13023,0.000058838585,0.000027369323,0.999913792092
id24796,0.248261571950,0.000061791899,0.751676636151
id12284,0.000039029593,0.999769314327,0.000191656081
id02664,0.000028021063,0.999780486971,0.000191491966
id23767,0.998443226118,0.001521722523,0.000035051359
id05859,0.007171397196,0.992585107243,0.000243495560
id14350,0.000412022937,0.365469759337,0.634118217726
id01191,0.004082191450,0.649831571621,0.346086236929
id17034,0.971839285062,0.025985975565,0.002174739373
id25292,0.999453346656,0.000500765398,0.000045887946
id22121,0.999954077139,0.000023123187,0.000022799674
id20872,0.999627042928,0.000048855245,0.000324101827
id17720,0.000289125807,0.999635871102,0.000075003091
id22658,0.000167188786,0.999689887856,0.000142923358
id09567,0.999160854857,0.000765690959,0.000073454184
id16445,0.999906121197,0.000022692609,0.000071186194
id08349,0.000026888468,0.999710742559,0.000262368973
id27437,0.370658895567,0.009059083338,0.620282021095
id03812,0.999958429550,0.000034337309,0.000007233141
id22304,0.999755413649,0.000194248766,0.000050337585
id04449,0.000066339393,0.999740728076,0.000192932531
id15605,0.019931677825,0.000680929583,0.979387392592
id01768,0.999983419576,0.000006302047,0.000010278377
id20019,0.003570931903,0.996171068038,0.000258000059
id09593,0.000032378348,0.999861512647,0.000106109005
id23179,0.245346756422,0.003976092791,0.750677150788
id21279,0.999955419367,0.000015217225,0.000029363408
id06711,0.000015958643,0.000006630244,0.999977411113
id14243,0.000016974377,0.999797529900,0.000185495723
id04839,0.000011850575,0.000012185154,0.999975964272
id17220,0.000019573806,0.999882694503,0.000097731691
id24177,0.999474621450,0.000061054188,0.000464324361
id20512,0.000013754922,0.000040036384,0.999946208694
id14036,0.000025201724,0.999859240484,0.000115557792
id25001,0.012786494638,0.000003632182,0.987209873180
id06175,0.000027520512,0.999852675173,0.000119804315
id24720,0.000334020926,0.999605096504,0.000060882569
id08070,0.999147536687,0.000779698518,0.000072764796
id18934,0.999956339137,0.000039502260,0.000004158603
id01338,0.999951767382,0.000013689227,0.000034543391
id19008,0.000056293208,0.999511244397,0.000432462395
id19632,0.197591545668,0.801628313409,0.000780140923
id26224,0.000007262173,0.000007818022,0.999984919805
id08219,0.897167549054,0.000017577276,0.102814873670
id24008,0.000007849515,0.000002315388,0.999989835097
id12475,0.893604756305,0.106230269454,0.000164974241
id05766,0.778949174615,0.003108799396,0.217942025990
id27386,0.000302598110,0.999314740086,0.000382661805
id12476,0.000019969969,0.999887884719,0.000092145312
id08311,0.999850549372,0.000142913787,0.000006536841
id04996,0.999550048059,0.000440171571,0.000009780370
id17350,0.004566403056,0.884121611306,0.111311985638
id05546,0.153505483188,0.846415017378,0.000079499434
id16504,0.000823565970,0.999069175186,0.000107258844
id05782,0.000008408805,0.000007300134,0.999984291062
id20560,0.999257092051,0.000300202361,0.000442705589
id14171,0.000479926751,0.000149887175,0.999370186075
id27461,0.000092027515,0.000006339086,0.999901633398
id03581,0.171991498645,0.001207024077,0.826801477278
id21847,0.000013601746,0.000052632121,0.999933766133
id11712,0.999793580559,0.000148267465,0.000058151975
id26738,0.004499207850,0.186260037928,0.809240754222
id13668,0.999982198777,0.000005580684,0.000012220539
id15114,0.999985088106,0.000002952539,0.000011959355
id20130,0.781278889922,0.001916129971,0.216804980108
id18331,0.999591804910,0.000033748633,0.000374446457
id24465,0.999967212517,0.000014717466,0.000018070017
id13539,0.999871383021,0.000092222626,0.000036394353
id27564,0.000025994838,0.999856140302,0.000117864860
id26043,0.000302089159,0.000010071019,0.999687839822
id04965,0.000123299984,0.001772932349,0.998103767667
id08645,0.201610918519,0.000006584208,0.798382497273
id26610,0.997753520335,0.000145065178,0.002101414488
id21737,0.955559658146,0.044007823218,0.000432518637
id25784,0.000026573632,0.999774285143,0.000199141225
id23030,0.999888767589,0.000085334796,0.000025897615
id16450,0.000058286310,0.999398993693,0.000542719997
id02161,0.369615966112,0.000023630544,0.630360403345
id25535,0.999561363315,0.000231912071,0.000206724614
id16566,0.999416419101,0.000004225398,0.000579355501
id05714,0.997079304281,0.002892097616,0.000028598103
id16524,0.223397298494,0.770478959317,0.006123742189
id23941,0.000108759893,0.999325567548,0.000565672558
id00831,0.000014403431,0.000356197293,0.999629399276
id18145,0.954040608895,0.000370058292,0.045589332813
id17227,0.999935706589,0.000019099676,0.000045193735
id09417,0.999738916682,0.000137450345,0.000123632974
id21307,0.995366101589,0.000011334174,0.004622564237
id05650,0.000057434621,0.999905791681,0.000036773698
id23901,0.962884462628,0.037055489424,0.000060047948
id05831,0.999957992926,0.000004403298,0.000037603776
id16708,0.000086070470,0.999082425109,0.000831504421
id02281,0.210795970321,0.000155963626,0.789048066053
id11599,0.102248198960,0.000348265125,0.897403535915
id18353,0.345676642687,0.064985273017,0.589338084296
id07413,0.051155950099,0.948785366722,0.000058683179
id15653,0.000075319433,0.999849883027,0.000074797540
id09715,0.000006641577,0.000008115944,0.999985242479
id05108,0.375435284610,0.624549107595,0.000015607796
id09537,0.998758693841,0.000023505957,0.001217800201
id27596,0.998614542743,0.001084306386,0.000301150871
id24255,0.000158657848,0.000004524495,0.999836817657
id05080,0.000012013973,0.000003669681,0.999984316346
id09484,0.999969116951,0.000024630855,0.000006252194
id14864,0.000133069501,0.000028270299,0.999838660200
id26836,0.997470634226,0.000673548877,0.001855816898
id07003,0.999809331227,0.000011876891,0.000178791881
id13750,0.000058749832,0.999626744710,0.000314505458
id21799,0.000047269492,0.000039403378,0.999913327130
id11285,0.999984169795,0.000006208422,0.000009621783
id04735,0.999652395985,0.000309210843,0.000038393172
id23049,0.000027535913,0.000006704281,0.999965759806
id05826,0.000026709320,0.999823494056,0.000149796624
id17916,0.001200353695,0.998706850830,0.000092795475
id14081,0.000401231758,0.000135592651,0.999463175591
id10527,0.482416580038,0.000006513314,0.517576906648
id16059,0.178782308196,0.452418922169,0.368798769635
id25542,0.999975508078,0.000020078123,0.000004413800
id05402,0.000021708171,0.000219782262,0.999758509567
id01927,0.773555883050,0.225411225272,0.001032891678
id27656,0.999387199319,0.000025556620,0.000587244061
id06708,0.000542232648,0.999170384653,0.000287382699
id03524,0.000033949614,0.999769375910,0.000196674476
id12297,0.710358822006,0.279921216998,0.009719960996
id03439,0.999529922715,0.000090155398,0.000379921887
id04587,0.000021486212,0.999857579830,0.000120933958
id25470,0.000035948212,0.999852077681,0.000111974107
id01212,0.002076120120,0.997840872659,0.000083007221
id13932,0.995464851316,0.004519119662,0.000016029022
id00124,0.005121728160,0.000179532542,0.994698739298
